26.408
6.00000e-01
1.10000e+00
1.50000e+03
1.10000e+00
1.00000e+06 5.00000e-03 1.81057e-02 2.46581e+03 6.82652e+03 3.99119e+02 1.81057e-02 3.99119e+02 2.41294e-01
2.88540e+06 5.00000e-03 4.09210e-02 2.37506e+03 6.75124e+03 5.89740e+02 4.09210e-02 5.89740e+02 5.45352e-01
8.32553e+06 5.00000e-03 1.00628e-01 2.15268e+03 6.34714e+03 8.67442e+02 1.00628e-01 8.67442e+02 1.34106e+00
2.40225e+07 5.00000e-03 2.24699e-01 1.87652e+03 5.84458e+03 1.24374e+03 2.24699e-01 1.24374e+03 2.99456e+00
6.93145e+07 5.00000e-03 3.71656e-01 1.64989e+03 5.40098e+03 1.88411e+03 3.71656e-01 1.88411e+03 5.01905e+00
2.00000e+08 5.00000e-03 4.69393e-01 1.45167e+03 5.02098e+03 2.80007e+03 4.69393e-01 2.80007e+03 7.04564e+00
1.00000e+06 1.10000e-02 2.30769e-02 2.44235e+03 6.79953e+03 4.36703e+02 2.30769e-02 4.36703e+02 3.07545e-01
2.88540e+06 1.10000e-02 5.61486e-02 2.31975e+03 6.66387e+03 6.47038e+02 5.61486e-02 6.47038e+02 7.48290e-01
8.32553e+06 1.10000e-02 1.44061e-01 2.02103e+03 6.10203e+03 9.56234e+02 1.44061e-01 9.56234e+02 1.91989e+00
2.40225e+07 1.10000e-02 3.10152e-01 1.79641e+03 5.72916e+03 1.38957e+03 3.10152e-01 1.38957e+03 4.13338e+00
6.93145e+07 1.10000e-02 4.22451e-01 1.56237e+03 5.21106e+03 2.00216e+03 4.22451e-01 2.00216e+03 5.86707e+00
2.00000e+08 1.10000e-02 5.38691e-01 1.30183e+03 4.71788e+03 3.10485e+03 5.38691e-01 3.10485e+03 1.39630e+01
1.00000e+06 1.70000e-02 2.71586e-02 2.41810e+03 6.75246e+03 4.61886e+02 2.71586e-02 4.61886e+02 3.61941e-01
2.88540e+06 1.70000e-02 6.72946e-02 2.27899e+03 6.57088e+03 6.81775e+02 6.72946e-02 6.81775e+02 8.96832e-01
8.32553e+06 1.70000e-02 1.85191e-01 1.95713e+03 5.99583e+03 1.00346e+03 1.85191e-01 1.00346e+03 2.46803e+00
2.40225e+07 1.70000e-02 3.34851e-01 1.75483e+03 5.65668e+03 1.47611e+03 3.34851e-01 1.47611e+03 4.46254e+00
6.93145e+07 1.70000e-02 4.62271e-01 1.48736e+03 5.10631e+03 2.19367e+03 4.62271e-01 2.19367e+03 6.70114e+00
2.00000e+08 1.70000e-02 5.12554e-01 1.27598e+03 4.54111e+03 3.27495e+03 5.12554e-01 3.27495e+03 1.64171e+01
1.00000e+06 2.30000e-02 2.98796e-02 2.40939e+03 6.74956e+03 4.73378e+02 2.98796e-02 4.73378e+02 3.98205e-01
2.88540e+06 2.30000e-02 7.67138e-02 2.22974e+03 6.46471e+03 7.08531e+02 7.67138e-02 7.08531e+02 1.02236e+00
8.32553e+06 2.30000e-02 2.27525e-01 1.91722e+03 5.95514e+03 1.04139e+03 2.27525e-01 1.04139e+03 3.03221e+00
2.40225e+07 2.30000e-02 3.53532e-01 1.71592e+03 5.57032e+03 1.54361e+03 3.53532e-01 1.54361e+03 4.71151e+00
6.93145e+07 2.30000e-02 5.04657e-01 1.43705e+03 5.00391e+03 2.28604e+03 5.04657e-01 2.28604e+03 7.85251e+00
2.00000e+08 2.30000e-02 4.65534e-01 1.04802e+03 3.73276e+03 3.40139e+03 4.65534e-01 3.40139e+03 1.98105e+01
1.00000e+06 2.90000e-02 3.30717e-02 2.38848e+03 6.71316e+03 4.90536e+02 3.30717e-02 4.90536e+02 4.40745e-01
2.88540e+06 2.90000e-02 8.39351e-02 2.21174e+03 6.43843e+03 7.27118e+02 8.39351e-02 7.27118e+02 1.11860e+00
8.32553e+06 2.90000e-02 2.47096e-01 1.90025e+03 5.93043e+03 1.07068e+03 2.47096e-01 1.07068e+03 3.29303e+00
2.40225e+07 2.90000e-02 3.69074e-01 1.68684e+03 5.50861e+03 1.58687e+03 3.69074e-01 1.58687e+03 4.91863e+00
6.93145e+07 2.90000e-02 5.50900e-01 1.37258e+03 4.92425e+03 2.35864e+03 5.50900e-01 2.35864e+03 9.56877e+00
2.00000e+08 2.90000e-02 4.22752e-01 1.00579e+03 3.53072e+03 3.49945e+03 4.22752e-01 3.49945e+03 2.29648e+01
1.00000e+06 3.50000e-02 3.67870e-02 2.37816e+03 6.70121e+03 5.02896e+02 3.67870e-02 5.02896e+02 4.90259e-01
2.88540e+06 3.50000e-02 9.26740e-02 2.16564e+03 6.34462e+03 7.43187e+02 9.26740e-02 7.43187e+02 1.23506e+00
8.32553e+06 3.50000e-02 2.56096e-01 1.88680e+03 5.90509e+03 1.09592e+03 2.56096e-01 1.09592e+03 3.41298e+00
2.40225e+07 3.50000e-02 3.84386e-01 1.67293e+03 5.48527e+03 1.62221e+03 3.84386e-01 1.62221e+03 5.12366e+00
6.93145e+07 3.50000e-02 5.52411e-01 1.36081e+03 4.89821e+03 2.41054e+03 5.52411e-01 2.41054e+03 1.06964e+01
2.00000e+08 3.50000e-02 3.99233e-01 1.01413e+03 3.45015e+03 3.58498e+03 3.99233e-01 3.58498e+03 2.53645e+01
